10.0 10.0
11.0 10.0
12.0 10.0
13.0 10.0
14.0 10.0
15.0 10.0
16.0 10.0
17.0 10.0
18.0 10.0
19.0 10.0
20.0 10.0
21.0 10.0
22.0 10.0
23.0 10.0
24.0 10.0
25.0 10.0
26.0 10.0
27.0 10.0
28.0 10.0
29.0 10.0
30.0 10.0
31.0 10.0
32.0 10.0
33.0 10.0
34.0 10.0
35.0 10.0
36.0 10.0
37.0 10.0
38.0 10.0
39.0 10.0
40.0 10.0
41.0 10.0
42.0 10.0
43.0 10.0
44.0 10.0
45.0 10.0
46.0 10.0
47.0 10.0
48.0 10.0
49.0 10.0
50.0 10.0
51.0 10.0
52.0 10.0
53.0 10.0
54.0 10.0
55.0 10.0
56.0 10.0
57.0 10.0
58.0 10.0
59.0 10.0
60.0 10.0
61.0 10.0
62.0 10.0
63.0 10.0
64.0 10.0
65.0 10.0
66.0 10.0
67.0 10.0
68.0 10.0
69.0 10.0
70.0 10.0
71.0 10.0
72.0 10.0
73.0 10.0
74.0 10.0
75.0 10.0
76.0 10.0
77.0 10.0
78.0 10.0
79.0 10.0
80.0 10.0
81.0 10.0
82.0 10.0
83.0 10.0
84.0 10.0
85.0 10.0
86.0 10.0
87.0 10.0
88.0 10.0
89.0 10.0
90.0 10.0
91.0 10.0
92.0 10.0
93.0 10.0
94.0 10.0
95.0 11.0
96.0 12.0
97.0 13.0
98.0 14.0
99.0 15.0
100.0 16.0
101.0 17.0
102.0 18.0
103.0 19.0
104.0 20.0
105.0 21.0
106.0 22.0
107.0 23.0
108.0 24.0
109.0 25.0
110.0 26.0
111.0 27.0
112.0 28.0
113.0 29.0
114.0 30.0
115.0 31.0
116.0 32.0
117.0 33.0
118.0 34.0
119.0 35.0
120.0 36.0
121.0 37.0
122.0 38.0
123.0 39.0
124.0 40.0
125.0 41.0
126.0 42.0
127.0 43.0
128.0 44.0
129.0 45.0
130.0 46.0
131.0 47.0
132.0 48.0
133.0 49.0
134.0 50.0
135.0 51.0
136.0 52.0
137.0 53.0
138.0 54.0
139.0 55.0
140.0 56.0
141.0 57.0
142.0 58.0
143.0 59.0
144.0 60.0
145.0 61.0
146.0 62.0
147.0 63.0
148.0 64.0
149.0 65.0
150.0 66.0
151.0 67.0
152.0 68.0
153.0 69.0
154.0 70.0
155.0 71.0
156.0 72.0
157.0 73.0
158.0 74.0
159.0 75.0
160.0 76.0
161.0 77.0
162.0 78.0
163.0 79.0
164.0 80.0
165.0 81.0
166.0 82.0
167.0 83.0
168.0 84.0
169.0 85.0
170.0 86.0
171.0 87.0
172.0 88.0
173.0 89.0
174.0 90.0
175.0 91.0
176.0 92.0
177.0 93.0
178.0 94.0
179.0 95.0
180.0 96.0
180.0 97.0
180.0 98.0
180.0 99.0
180.0 100.0
180.0 101.0
180.0 102.0
180.0 103.0
180.0 104.0
180.0 105.0
180.0 106.0
180.0 107.0
180.0 108.0
180.0 109.0
180.0 110.0
180.0 111.0
180.0 112.0
180.0 113.0
180.0 114.0
180.0 115.0
180.0 116.0
180.0 117.0
180.0 118.0
180.0 119.0
180.0 120.0
180.0 121.0
180.0 122.0
180.0 123.0
180.0 124.0
180.0 125.0
180.0 126.0
180.0 127.0
180.0 128.0
180.0 129.0
180.0 130.0
180.0 131.0
180.0 132.0
180.0 133.0
180.0 134.0
180.0 135.0
180.0 136.0
180.0 137.0
180.0 138.0
180.0 139.0
180.0 140.0
180.0 141.0
180.0 142.0
180.0 143.0
180.0 144.0
180.0 145.0
180.0 146.0
180.0 147.0
180.0 148.0
180.0 149.0
180.0 150.0
180.0 151.0
180.0 152.0
180.0 153.0
180.0 154.0
180.0 155.0
180.0 156.0
180.0 157.0
180.0 158.0
180.0 159.0
180.0 160.0
180.0 161.0
180.0 162.0
180.0 163.0
180.0 164.0
180.0 165.0
180.0 166.0
180.0 167.0
180.0 168.0
180.0 169.0
180.0 170.0
180.0 171.0
180.0 172.0
180.0 173.0
180.0 174.0
180.0 175.0
180.0 176.0
180.0 177.0
180.0 178.0
180.0 179.0
180.0 180.0
180.0 181.0
180.0 182.0
180.0 183.0
180.0 184.0
180.0 185.0
180.0 186.0
180.0 187.0
180.0 188.0
180.0 189.0
180.0 190.0
180.0 191.0
180.0 192.0
180.0 193.0
180.0 194.0
180.0 195.0
180.0 196.0
180.0 197.0
180.0 198.0
180.0 199.0
180.0 200.0
180.0 201.0
180.0 202.0
180.0 203.0
180.0 204.0
180.0 205.0
180.0 206.0
180.0 207.0
180.0 208.0
180.0 209.0
180.0 210.0
180.0 211.0
180.0 212.0
180.0 213.0
180.0 214.0
180.0 215.0
180.0 216.0
180.0 217.0
180.0 218.0
180.0 219.0
180.0 220.0
180.0 221.0
180.0 222.0
180.0 223.0
180.0 224.0
180.0 225.0
180.0 226.0
180.0 227.0
180.0 228.0
180.0 229.0
180.0 230.0
180.0 231.0
180.0 232.0
180.0 233.0
180.0 234.0
180.0 235.0
180.0 236.0
180.0 237.0
180.0 238.0
180.0 239.0
180.0 240.0
180.0 241.0
180.0 242.0
180.0 243.0
180.0 244.0
180.0 245.0
180.0 246.0
180.0 247.0
180.0 248.0
180.0 249.0
180.0 250.0
180.0 251.0
180.0 252.0
180.0 253.0
180.0 254.0
180.0 255.0
180.0 256.0
180.0 257.0
180.0 258.0
180.0 259.0
180.0 260.0
180.0 261.0
180.0 262.0
180.0 263.0
180.0 264.0
180.0 265.0
180.0 266.0
180.0 267.0
180.0 268.0
180.0 269.0
180.0 270.0
180.0 271.0
180.0 272.0
180.0 273.0
180.0 274.0
180.0 275.0
180.0 276.0
180.0 277.0
180.0 278.0
180.0 279.0
180.0 280.0
180.0 281.0
180.0 282.0
180.0 283.0
180.0 284.0
180.0 285.0
180.0 286.0
180.0 287.0
180.0 288.0
180.0 289.0
180.0 290.0
180.0 291.0
180.0 292.0
180.0 293.0
180.0 294.0
180.0 295.0
180.0 296.0
180.0 297.0
180.0 298.0
180.0 299.0
180.0 300.0
180.0 301.0
180.0 302.0
180.0 303.0
180.0 304.0
180.0 305.0
180.0 306.0
180.0 307.0
180.0 308.0
180.0 309.0
180.0 310.0
180.0 311.0
180.0 312.0
180.0 313.0
180.0 314.0
181.0 315.0
182.0 316.0
183.0 317.0
184.0 318.0
185.0 319.0
186.0 320.0
187.0 321.0
188.0 322.0
189.0 323.0
190.0 324.0
191.0 325.0
192.0 326.0
193.0 327.0
194.0 328.0
195.0 329.0
196.0 330.0
197.0 331.0
198.0 332.0
199.0 333.0
200.0 334.0
201.0 335.0
202.0 336.0
203.0 337.0
204.0 338.0
205.0 339.0
206.0 340.0
207.0 341.0
208.0 342.0
209.0 343.0
210.0 344.0
211.0 345.0
212.0 346.0
213.0 347.0
214.0 348.0
215.0 349.0
216.0 350.0
217.0 351.0
218.0 352.0
219.0 353.0
220.0 354.0
221.0 355.0
222.0 356.0
223.0 357.0
224.0 358.0
225.0 359.0
226.0 360.0
227.0 361.0
228.0 362.0
229.0 363.0
230.0 364.0
231.0 365.0
232.0 366.0
233.0 367.0
234.0 368.0
235.0 369.0
236.0 370.0
237.0 371.0
238.0 372.0
239.0 373.0
240.0 374.0
241.0 375.0
242.0 376.0
243.0 377.0
244.0 378.0
245.0 379.0
246.0 380.0
247.0 381.0
248.0 382.0
249.0 383.0
250.0 384.0
251.0 385.0
252.0 386.0
253.0 387.0
254.0 388.0
255.0 389.0
256.0 390.0
257.0 391.0
258.0 392.0
259.0 393.0
260.0 394.0
261.0 395.0
262.0 396.0
263.0 397.0
264.0 398.0
265.0 399.0
266.0 400.0
267.0 401.0
268.0 402.0
269.0 403.0
270.0 404.0
271.0 405.0
272.0 405.0
273.0 405.0
274.0 405.0
275.0 405.0
276.0 405.0
277.0 405.0
278.0 405.0
279.0 405.0
280.0 405.0
281.0 405.0
282.0 405.0
283.0 405.0
284.0 405.0
285.0 405.0
286.0 405.0
287.0 405.0
288.0 405.0
289.0 405.0
290.0 405.0
291.0 405.0
292.0 405.0
293.0 405.0
294.0 405.0
295.0 405.0
296.0 405.0
297.0 405.0
298.0 405.0
299.0 405.0
300.0 405.0
301.0 405.0
302.0 405.0
303.0 405.0
304.0 405.0
305.0 405.0
306.0 405.0
307.0 405.0
308.0 405.0
309.0 405.0
310.0 405.0
311.0 405.0
312.0 405.0
313.0 405.0
314.0 405.0
315.0 405.0
316.0 405.0
317.0 405.0
318.0 405.0
319.0 405.0
320.0 405.0
321.0 405.0
322.0 405.0
323.0 405.0
324.0 405.0
325.0 405.0
326.0 405.0
327.0 405.0
328.0 405.0
329.0 405.0
330.0 405.0
331.0 405.0
332.0 405.0
333.0 405.0
334.0 405.0
335.0 405.0
336.0 405.0
337.0 405.0
338.0 405.0
339.0 405.0
340.0 405.0
341.0 405.0
342.0 405.0
343.0 405.0
344.0 405.0
345.0 405.0
346.0 405.0
347.0 405.0
348.0 405.0
349.0 405.0
350.0 405.0
351.0 405.0
352.0 405.0
353.0 405.0
354.0 405.0
355.0 405.0
356.0 406.0
357.0 407.0
358.0 408.0
359.0 409.0
360.0 410.0
361.0 411.0
362.0 412.0
363.0 413.0
364.0 414.0
365.0 415.0
366.0 416.0
367.0 417.0
368.0 418.0
369.0 419.0
370.0 420.0
371.0 421.0
372.0 422.0
373.0 423.0
374.0 424.0
375.0 425.0
376.0 426.0
377.0 427.0
378.0 428.0
379.0 429.0
380.0 430.0
381.0 431.0
382.0 432.0
383.0 433.0
384.0 434.0
385.0 435.0
386.0 436.0
387.0 437.0
388.0 438.0
389.0 439.0
390.0 440.0
391.0 441.0
392.0 442.0
393.0 443.0
394.0 444.0
395.0 445.0
396.0 446.0
397.0 447.0
398.0 448.0
399.0 449.0
400.0 450.0
